  1.8798384e-003
  1.3967595e-003
  1.9455568e-003
  1.3118805e-003
  1.3135807e-003
  1.7804969e-003
  1.7359182e-003
  1.9799453e-003
  1.8600386e-003
  1.4184672e-003
  1.8970989e-003
  1.6277047e-003
  9.7226892e-004
  1.8645685e-003
  1.5498493e-003
  1.5723394e-003
  2.0486128e-003
  1.4778874e-003
  1.6562202e-003
  1.8336123e-003
  1.5848612e-003
  4.6820240e-003
  2.7953861e-003
  1.9026245e-003
  1.7776591e-003
  1.9797903e-003
  1.5159621e-003
  1.7290958e-003
  1.4852959e-003
  1.5124607e-003
  1.7166410e-003
  1.9167523e-003
  1.8619166e-003
  1.8485776e-003
  1.9149503e-003
  2.0863058e-003
  1.7675572e-003
  2.2322269e-003
  1.8220666e-003
  2.9134009e-003
  2.5416323e-003
  2.1662101e-003
  2.5840522e-003
  2.5926869e-003
  3.2290231e-003
  3.2524162e-003
  3.3998596e-003
  4.4012748e-003
  4.1826681e-003
  5.7028876e-003
  6.2413459e-003
  7.3835363e-003
  9.8096946e-003
  1.1858532e-002
  1.2672176e-002
  1.4178775e-002
  2.0400578e-002
  2.6480441e-002
  3.3646938e-002
  4.8298787e-002
  7.8918446e-002
  2.0780443e-001
  6.4896653e-001
  9.5958056e-001
  5.7378846e-001
  2.0991053e-001
  8.1008685e-002
  4.7962496e-002
  3.1805810e-002
  2.3135195e-002
  1.7175764e-002
  1.3361770e-002
  1.2167007e-002
  1.1462048e-002
  6.8462366e-003
  5.5740095e-003
  5.2559168e-003
  4.6980873e-003
  4.8666428e-003
  4.9027041e-003
  4.0505534e-003
  2.9383666e-003
  2.7142974e-003
  2.7928401e-003
  2.7912283e-003
  2.4195704e-003
  2.1687714e-003
  2.8138020e-003
  1.6420858e-003
  2.6192817e-003
  2.2144295e-003
  2.3140524e-003
  1.8300179e-003
  2.1358483e-003
  1.9125194e-003
  1.5365754e-003
  1.7857690e-003
  1.6359619e-003
  1.5326883e-003
  1.9420669e-003
  1.6747324e-003
  1.7534765e-003
  2.1516147e-003
  1.6112354e-003
  1.1582599e-003
  1.7900394e-003
  1.5553488e-003
  2.3167688e-003
  1.1954087e-003
  1.7857441e-003
  1.4976781e-003
  1.6606830e-003
  1.7210365e-003
  1.3717486e-003
  2.0578669e-003
  1.8688950e-003
  1.4923948e-003
  1.7234457e-003
  1.2860227e-003
  1.2031381e-003
  1.5327907e-003
  1.5981369e-003
  1.4777808e-003
  2.0690498e-003
  1.6197559e-003
  1.6915113e-003
  1.2751818e-003
  1.7299228e-003
